tree
version=v4
num_class=1
num_tree_per_iteration=1
label_index=0
max_feature_idx=17
objective=lambdarank
feature_names=openness clock fit_tier account access dollars persona_idx kind_idx tier days_remaining agency_idx vehicle_present incumbent_flag rival_flag dollars_bucket sim_taxonomy sim_exec_rights sim_client_rights
feature_infos=[0.14999999999999999:1] [0.050000000000000003:0.92000000000000004] [0.45000000000000001:1] [0.40820000000000001:1] [0.25:1] [0.20000000000000001:0.72570000000000001] [0:1] [0:3] [1:3] [-999:132] [0:7] [0:1] [0:1] [0:1] [0:4] [-0.38093532907681438:0.30317303092150283] [-0.08431508340936178:0.47172026861612565] [-0.17035384156804703:0.41166639645450598]
tree_sizes=1063 1394 1292 1192 1290 1301 1192 1302 1519 1309 1309 1323 1312 1318 1318 1318 1428 1433 1435 1443 1439 1654 1328 1444 1546 1442 1442 1343 1342 1234 1342 1453 1343 1242 1339 1457 1344 1343 1235 1454 1349 1350 1240 1347 1460 1467 1581 1354 1474 1135

Tree=0
num_leaves=9
num_cat=0
split_feature=1 15 17 3 16 16 3 3
split_gain=5.46526 0.508418 0.588027 0.232869 0.210175 0.050322 0.0360125 0.0142482
threshold=0.66495000000000004 -0.076557003346401864 -1.0000000180025095e-35 0.47360000000000008 0.23710767707529751 0.23710767707529751 0.6422500000000001 0.6422500000000001
decision_type=2 2 2 2 2 2 2 2
left_child=1 6 -3 4 -2 -5 -1 -7
right_child=3 2 -4 5 -6 7 -8 -9
leaf_value=-0.19999999999999973 0.12816300437309253 0.19999999999999749 -0.14413855900319431 0.13356557744601855 -0.039104342886503461 0.1700969995429461 -0.15628290300032252 0.19999999999999948
leaf_weight=0.6835311446338892 0.24492006748914696 0.07876664400100708 0.13432333059608959 0.23892936110496521 0.10835469700396061 0.27823940292000771 0.26014470495283604 0.37288631498813629
leaf_count=7 5 1 5 5 3 4 5 4
internal_value=0 -0.156445 -0.0169311 0.145553 0.0768596 0.172818 -0.187948 0.187222
internal_weight=2.4001 1.15677 0.21309 1.24333 0.353275 0.890055 0.943676 0.651126
internal_count=39 18 6 21 8 13 12 8
is_linear=0
shrinkage=0.1


Tree=1
num_leaves=12
num_cat=0
split_feature=11 1 16 16 4 16 9 0 17 1 16
split_gain=7.8667 3.47152 0.972645 0.467536 0.1327 0.00812001 0.00738618 0.00281437 0.00228314 0.000948411 0.000276943
threshold=1.0000000180025095e-35 0.81220000000000014 0.081128502994006924 0.34768688951531318 0.62500000000000011 0.34017957335736676 24.500000000000004 0.65000000000000002 0.20573640326672274 0.24450000000000002 0.17298933227509689
decision_type=2 2 2 2 2 2 2 2 2 2 2
left_child=1 2 -1 -2 -3 6 8 9 10 -7 -4
right_child=3 4 5 -5 -6 7 -8 -9 -10 -11 -12
leaf_value=0.022722541597726739 0.096447151243860108 0.072568514682454219 -0.16988854668508235 0.18436212175590977 0.011871229125187207 -0.16795830072514448 -0.15905247142652346 -0.14904989454331724 -0.18002580316361208 -0.15904661591228461 -0.17342559836226501
leaf_weight=0.29935507476329837 1.1334493160247805 0.75208802521228768 0.4163864925503733 1.2972170710563657 0.69124162197113037 0.21512147784233082 0.37171905487775792 0.20585472881793976 0.53728847205638885 0.26843653619289398 0.47262714058160782
leaf_count=3 4 3 3 3 3 3 5 3 2 4 3
internal_value=8.94859e-10 -0.0823796 -0.147575 0.143366 0.0434993 -0.168069 -0.171607 -0.158842 -0.174879 -0.163011 -0.171769
internal_weight=6.66079 4.23012 2.78679 2.43067 1.44333 2.48743 1.79802 0.689413 1.4263 0.483558 0.889014
internal_count=39 32 26 7 6 23 13 10 8 7 6
is_linear=0
shrinkage=0.1


Tree=2
num_leaves=11
num_cat=0
split_feature=1 16 3 5 15 15 4 16 17 0
split_gain=2.98652 1.77492 0.908098 0.853588 0.672098 0.37245 0.0743879 0.0182366 0.0129445 0.00282734
threshold=0.66495000000000004 0.23710767707529751 0.6422500000000001 0.68900000000000017 -0.08825887563113223 -1.0000000180025095e-35 0.62500000000000011 0.19590564070757621 0.37148671729690924 0.37500000000000006
decision_type=2 2 2 2 2 2 2 2 2 2
left_child=3 5 4 7 -3 6 -2 -1 -9 -10
right_child=1 2 -4 -5 -6 -7 -8 8 9 -11
leaf_value=-0.16335661939896878 -0.13329052624856641 0.094309701912856481 0.16254573051286347 0.032740297330019763 -0.088615376037890353 0.016595278227349568 -0.064133034471970218 -0.12396354698784846 -0.15674171235523252 -0.14129272162943055
leaf_weight=0.47148589044809319 0.30730298906564713 0.57543358206748974 1.2657861709594724 0.32896818220615376 0.30856046080589317 0.51639806479215644 0.31492432951927185 0.34587213397026062 0.24912148714065552 0.22586414217948914
leaf_count=5 2 3 4 2 4 4 4 5 3 3
internal_value=-7.58759e-10 0.0547639 0.108231 -0.111074 0.0304592 -0.0461854 -0.0982882 -0.147683 -0.13868 -0.149395
internal_weight=4.90972 3.28841 2.14978 1.62131 0.883994 1.13863 0.622227 1.29234 0.820858 0.474986
internal_count=39 21 11 18 7 10 6 16 11 6
is_linear=0
shrinkage=0.1


Tree=3
num_leaves=10
num_cat=0
split_feature=1 15 16 15 11 2 4 17 15
split_gain=2.97813 0.88527 0.340656 0.231376 0.103665 0.0660059 0.0295762 0.0109433 0.00281323
threshold=0.66495000000000004 -0.08825887563113223 0.14299981874640891 -0.033195208630576199 1.0000000180025095e-35 0.60000000000000009 0.62500000000000011 0.37148671729690924 -0.17942003106627419
decision_type=2 2 2 2 2 2 2 2 2
left_child=3 4 -3 6 -2 -4 7 -1 -9
right_child=1 2 5 -5 -6 -7 -8 8 -10
leaf_value=-0.11340888651748954 0.071558492609319443 0.080674431169233798 -0.083496753078722577 -0.045451123068922641 0.12456855202198579 -0.022762585569986046 -0.16453176475780817 -0.14779317984251361 -0.13121540743621254
leaf_weight=0.24863904714584328 0.55941651761531797 0.30996792763471626 0.2648204080760479 0.31637947261333454 1.0832714885473251 0.5518149733543396 0.39635338634252548 0.21743372827768315 0.19343030080199253
leaf_count=4 4 3 4 4 5 5 4 3 3
internal_value=2.46237e-09 0.0596928 -0.00857968 -0.120465 0.106516 -0.0424576 -0.142943 -0.129968 -0.139989
internal_weight=4.14153 2.76929 1.1266 1.37224 1.64269 0.816635 1.05586 0.659503 0.410864
internal_count=39 21 12 18 9 9 14 10 6
is_linear=0
shrinkage=0.1


Tree=4
num_leaves=11
num_cat=0
split_feature=1 16 10 1 1 1 16 1 16 16
split_gain=1.94121 1.11982 0.48053 0.338572 0.0879141 0.0442163 0.0215556 0.0104959 0.00792161 0.000484105
threshold=0.7047500000000001 0.23710767707529751 1.5000000000000002 0.66495000000000004 0.81220000000000014 0.85385000000000011 0.19590564070757621 0.14675000000000002 0.34768688951531318 0.14299981874640891
decision_type=2 2 2 2 2 2 2 2 2 2
left_child=2 4 -1 6 -2 -3 9 -8 -9 -4
right_child=1 5 3 -5 -6 -7 7 8 -10 -11
leaf_value=0.034588853213587629 -0.070105964700431331 0.14342775374472913 -0.15151363262648682 0.0063407204057555943 0.0042967940031989364 0.10561780267398931 -0.139765893300031 -0.098373078593127689 -0.12467778649679956 -0.14484128985496675
leaf_weight=0.28708191215992007 0.38937927782535542 0.50767886638641335 0.23207940161228158 0.21440187841653813 0.26819700002670288 0.79149775207042694 0.18390950188040733 0.22970489412546158 0.22823759540915489 0.20460300892591476
leaf_count=4 5 2 3 3 3 5 3 4 4 3
internal_value=-5.26651e-10 0.0665726 -0.0824459 -0.108432 -0.0397603 0.120393 -0.131248 -0.119587 -0.111483 -0.148387
internal_weight=3.53677 1.95675 1.58002 1.29294 0.657576 1.29918 1.07853 0.641852 0.457942 0.436682
internal_count=39 15 24 20 8 7 17 11 8 6
is_linear=0
shrinkage=0.1


Tree=5
num_leaves=11
num_cat=0
split_feature=1 16 10 11 1 16 16 5 1 6
split_gain=1.33829 0.983895 0.322398 0.296878 0.223587 0.0539637 0.0615608 0.0183408 0.00163886 0.000513275
threshold=0.7047500000000001 0.14299981874640891 1.5000000000000002 1.0000000180025095e-35 0.66495000000000004 0.19590564070757621 0.34017957335736676 0.39990000000000009 0.24450000000000002 1.0000000180025095e-35
decision_type=2 2 2 2 2 2 2 2 2 2
left_child=2 -2 -1 7 5 9 -7 -3 -8 -4
right_child=1 3 4 -5 -6 6 8 -9 -10 -11
leaf_value=0.025346888053884659 -0.10522045768657468 0.066073050427328056 -0.14956502227175025 0.13720964354683238 -7.1111060093207067e-05 -0.046234978412400624 -0.12799185663055387 0.035670044482553669 -0.11435533124408777 -0.14231780114507248
leaf_weight=0.26537915691733394 0.31281977519392956 0.34266921877861001 0.19162075966596581 0.7021743506193161 0.19601618498563766 0.16521230712532997 0.14105780422687531 0.47135532647371292 0.23489220812916756 0.19943636655807495
leaf_count=4 3 3 3 4 3 3 3 5 5 3
internal_value=-2.16746e-09 0.0562512 -0.0738257 0.0895658 -0.0971526 -0.117566 -0.0971132 0.0484684 -0.119472 -0.145869
internal_weight=3.22263 1.82902 1.39361 1.5162 1.12824 0.932219 0.541162 0.814025 0.37595 0.391057
internal_count=39 15 24 12 20 17 11 8 8 6
is_linear=0
shrinkage=0.1


Tree=6
num_leaves=10
num_cat=0
split_feature=11 1 9 16 16 0 16 16 1
split_gain=1.12073 0.586754 0.228596 0.215027 0.143848 0.0353807 0.0292197 0.0068132 0.0141686
threshold=1.0000000180025095e-35 0.66495000000000004 9.5000000000000018 0.17298933227509689 0.34768688951531318 0.37500000000000006 0.23710767707529751 0.23710767707529751 0.14675000000000002
decision_type=2 2 2 2 2 2 2 2 2
left_child=1 5 -3 -4 -2 7 -5 -1 -9
right_child=4 2 3 6 -6 -7 -8 8 -10
leaf_value=-0.13751004640637007 0.046351219238730222 0.07195244483335228 0.020180945350017663 -0.049500240703492827 0.13066078062784198 -0.078104249156281044 -0.10382794777915499 -0.13581918913470076 -0.090075519185358111
leaf_weight=0.24888185784220729 0.33970011770725239 0.33370149135589577 0.47468366473913193 0.18017173931002617 0.50059740245342255 0.22502363100647926 0.21974091976881027 0.14610773697495461 0.12619507685303688
leaf_count=5 4 3 6 3 3 5 4 3 3
internal_value=-2.48259e-09 -0.0415215 0.00153638 -0.0253308 0.0965777 -0.111243 -0.0793518 -0.125551 -0.11462
internal_weight=2.7948 1.95451 1.2083 0.874596 0.840298 0.746208 0.399913 0.521185 0.272303
internal_count=39 32 16 13 7 16 7 11 6
is_linear=0
shrinkage=0.1


Tree=7
num_leaves=11
num_cat=0
split_feature=1 10 15 16 11 16 1 7 7 16
split_gain=0.808764 0.595142 0.394054 0.149794 0.0673961 0.0130617 0.0103258 0.00188948 0.000443309 0.000180273
threshold=0.66495000000000004 1.5000000000000002 -0.08825887563113223 0.19590564070757621 1.0000000180025095e-35 0.19590564070757621 0.14675000000000002 1.5000000000000002 2.5000000000000004 0.30901617195650094
decision_type=2 2 2 2 2 2 2 2 2 2
left_child=1 -1 4 -4 -2 8 -7 -8 -3 -5
right_child=2 5 3 9 -6 6 7 -9 -10 -11
leaf_value=0.14880377371717884 0.047478333442466325 -0.13782763050133043 0.020670739829888124 -0.068775083914290436 0.10264296674568259 -0.13077123456700254 -0.089505756748473303 -0.10617245499834374 -0.1296763476602816 -0.073751284580678381
leaf_weight=0.095861054956913327 0.35574652627110492 0.15467682853341103 0.45228620246052709 0.16122676804661751 0.58674722909927368 0.11938377842307091 0.1797189749777317 0.10944376140832901 0.11732985451817513 0.13273685052990913
leaf_count=1 4 3 6 3 5 3 5 3 3 3
internal_value=1.51118e-10 -0.0844741 0.0388377 -0.015449 0.0818209 -0.117333 -0.106029 -0.0958139 -0.134312 -0.071022
internal_weight=2.46516 0.776414 1.68874 0.74625 0.942494 0.680553 0.408547 0.289163 0.272007 0.293964
internal_count=39 18 21 12 9 17 11 8 6 6
is_linear=0
shrinkage=0.1


Tree=8
num_leaves=13
num_cat=0
split_feature=1 16 15 5 15 3 17 1 10 1 7 1
split_gain=0.654183 0.280425 0.339446 0.172183 0.171542 0.0254155 0.00965193 0.00811824 0.00346769 0.0031316 0.00164217 5.19423e-06
threshold=0.66495000000000004 0.34768688951531318 -0.15841340238126805 0.68900000000000017 1.0000000180025095e-35 0.6422500000000001 0.16177816562766448 0.14675000000000002 2.5000000000000004 0.77260000000000006 1.5000000000000002 0.080400000000000013
decision_type=2 2 2 2 2 2 2 2 2 2 2 2
left_child=3 2 -2 7 5 9 -6 11 -9 -4 -10 -1
right_child=1 -3 4 -5 6 -7 -8 8 10 -11 -12 -13
leaf_value=-0.12676384009414898 0.13391219680277752 0.092280632236567725 -0.062155268513207976 0.018859643749252669 0.0088798176262702214 -0.10232422610910069 0.039063839565089645 -0.1166697680420727 -0.086438761227160876 -0.039943630543671754 -0.10415549925017031 -0.12779182721668333
leaf_weight=0.097563484683633184 0.16692850738763809 0.55016562342643727 0.11810614913701989 0.12679428979754448 0.26732481271028519 0.14779116213321686 0.17548355087637901 0.10051821172237396 0.12044120393693447 0.13722675666213036 0.092497751116752625 0.099057789891958237
leaf_count=3 2 5 3 2 3 2 3 3 4 3 3 3
internal_value=1.73573e-09 0.034809 0.00359156 -0.085429 -0.0221247 -0.0693208 0.0208416 -0.111353 -0.101361 -0.0502178 -0.0941347 -0.127282
internal_weight=2.1999 1.56303 1.01286 0.636873 0.845932 0.403124 0.442808 0.510078 0.313457 0.255333 0.212939 0.196621
internal_count=39 21 16 18 14 8 6 16 10 6 7 6
is_linear=0
shrinkage=0.1


Tree=9
num_leaves=11
num_cat=0
split_feature=1 11 15 9 16 6 4 1 16 1
split_gain=0.562926 0.259504 0.143843 0.0581188 0.106701 0.101239 0.00892338 0.00697527 0.00162621 0.00143422
threshold=0.66495000000000004 1.0000000180025095e-35 -0.033195208630576199 9.5000000000000018 0.23710767707529751 1.0000000180025095e-35 0.62500000000000011 0.14675000000000002 0.34768688951531318 0.81220000000000014
decision_type=2 2 2 2 2 2 2 2 2 2
left_child=2 3 6 -2 5 9 7 -1 -9 -5
right_child=1 -3 -4 4 -6 -7 -8 8 -10 -11
leaf_value=-0.12614021861630967 0.046475810432380887 0.096995038973369446 0.0009176937306757427 0.045866845170158932 -0.08236164261275615 -0.058362143161238826 -0.13287227841775809 -0.083077207396028016 -0.1017480287706676 0.033095311106942485
leaf_weight=0.085234962403774261 0.23855913430452325 0.45179171115159988 0.1498752534389497 0.19997230544686317 0.15949445962905884 0.14697808399796486 0.14848482795059681 0.10161490552127361 0.086242673918604851 0.1569327637553215
leaf_count=3 3 5 4 4 4 3 4 4 3 2
internal_value=1.16404e-10 0.0351329 -0.0832273 0.0041454 -0.0110772 0.0114866 -0.113142 -0.102414 -0.0916487 0.0402511
internal_weight=1.92518 1.35373 0.571453 0.901937 0.663378 0.503883 0.421577 0.273093 0.187858 0.356905
internal_count=39 21 18 16 13 9 14 10 7 6
is_linear=0
shrinkage=0.1


Tree=10
num_leaves=11
num_cat=0
split_feature=1 16 9 5 15 16 0 16 1 17
split_gain=0.443749 0.165901 0.223866 0.122261 0.0930933 0.015715 0.00920784 0.00329247 0.0052512 0.00108952
threshold=0.66495000000000004 0.34768688951531318 9.5000000000000018 0.68900000000000017 -1.0000000180025095e-35 0.17298933227509689 0.37500000000000006 0.23710767707529751 0.14675000000000002 0.16177816562766448
decision_type=2 2 2 2 2 2 2 2 2 2
left_child=3 2 -2 6 5 -4 7 -1 -9 -6
right_child=1 -3 4 -5 9 -7 -8 8 -10 -11
leaf_value=-0.12663582966893733 0.12892211673219375 0.082270315229321753 -0.079993693331781107 0.013567299104660584 0.014143516837839043 -0.035942220438377845 -0.081923301011841754 -0.12389260747066261 -0.085605295632531497 0.025535050303091441
leaf_weight=0.13108443468809139 0.12400601804256417 0.43219581991434097 0.14538670331239689 0.11138973757624626 0.20821093767881405 0.18281180411577225 0.11948943696916103 0.071480667218565941 0.071807842701673508 0.14069290086627007
leaf_count=5 2 5 3 2 3 5 5 3 3 3
internal_value=1.80794e-09 0.0323365 0.00539736 -0.0789324 -0.0172252 -0.0554563 -0.105093 -0.115183 -0.104705 0.0187371
internal_weight=1.73856 1.2333 0.801108 0.505252 0.677102 0.328199 0.393862 0.274373 0.143289 0.348904
internal_count=39 21 16 18 14 8 16 11 6 6
is_linear=0
shrinkage=0.1


Tree=11
num_leaves=11
num_cat=0
split_feature=1 11 15 10 16 6 4 1 7 1
split_gain=0.383354 0.190835 0.105268 0.0378017 0.0286447 0.0792221 0.00992519 0.00650795 0.00186684 7.00713e-05
threshold=0.66495000000000004 1.0000000180025095e-35 -0.033195208630576199 1.0000000180025095e-35 0.17298933227509689 1.0000000180025095e-35 0.62500000000000011 0.14675000000000002 1.5000000000000002 0.77260000000000006
decision_type=2 2 2 2 2 2 2 2 2 2
left_child=2 3 6 9 -5 -6 7 -1 -9 -2
right_child=1 -3 -4 4 5 -7 -8 8 -10 -11
leaf_value=-0.12260207890126321 -0.036376809578818746 0.092135498080210751 -0.0015663021249826281 0.04235847682323815 -0.050880195509050145 0.050700188068805919 -0.1319115362527809 -0.073612614260800721 -0.096580229303774523 -0.03260783317404959
leaf_weight=0.06116701103746891 0.09315805137157418 0.35478363931179047 0.12912811897695076 0.24161224067211151 0.1650133840739727 0.14358017966151237 0.11573000438511372 0.080900032073259354 0.062908930703997612 0.10484364256262779
leaf_count=3 3 5 4 4 3 3 4 4 3 3
internal_value=3.31367e-09 0.0317306 -0.0778034 0.00308797 0.0165719 -0.00361761 -0.108499 -0.0952806 -0.0836597 -0.0343811
internal_weight=1.55283 1.10299 0.449834 0.748207 0.550206 0.308594 0.320706 0.204976 0.143809 0.198002
internal_count=39 21 18 16 10 6 14 10 7 6
is_linear=0
shrinkage=0.1


Tree=12
num_leaves=11
num_cat=0
split_feature=1 16 9 16 17 6 0 16 1 1
split_gain=0.272119 0.135002 0.17268 0.126223 0.057736 0.0658261 0.00768737 0.00255289 0.00313924 0.00140636
threshold=0.66495000000000004 0.34768688951531318 9.5000000000000018 1.0000000180025095e-35 0.20573640326672274 1.0000000180025095e-35 0.37500000000000006 0.23710767707529751 0.14675000000000002 0.81220000000000014
decision_type=2 2 2 2 2 2 2 2 2 2
left_child=3 2 -2 -1 5 9 7 -5 -9 -4
right_child=1 -3 4 6 -6 -7 -8 8 -10 -11
leaf_value=0.028257819645371576 0.12509524390493806 0.078577335445903659 0.020595486607321047 -0.12487057663908291 -0.066812576182231728 -0.062613781378563244 -0.078646891721673717 -0.12053643841072462 -0.086568704542726999 0.03452917859717422
leaf_weight=0.098495759069919697 0.097037799656390922 0.34215215221047401 0.16176938824355602 0.096603858284652233 0.17610625177621841 0.11440076306462288 0.095068793743848801 0.051393727771937847 0.057814458385109901 0.13117584586143494
leaf_count=2 2 5 4 5 5 3 5 3 3 2
internal_value=-3.43838e-10 0.0273373 0.00157372 -0.0699999 -0.01897 0.00171365 -0.102165 -0.113029 -0.102554 0.0268348
internal_weight=1.42202 1.02264 0.68049 0.399377 0.583452 0.407346 0.300881 0.205812 0.109208 0.292945
internal_count=39 21 16 18 14 9 16 11 6 6
is_linear=0
shrinkage=0.1


Tree=13
num_leaves=11
num_cat=0
split_feature=1 10 11 16 6 16 1 1 16 16
split_gain=0.258366 0.251788 0.132464 0.0165751 0.0606135 0.0164181 0.00982576 0.00718284 0.00595253 6.98669e-05
threshold=0.66495000000000004 1.5000000000000002 1.0000000180025095e-35 0.17298933227509689 1.0000000180025095e-35 0.19590564070757621 0.85385000000000011 0.14675000000000002 0.34768688951531318 0.14299981874640891
decision_type=2 2 2 2 2 2 2 2 2 2
left_child=1 -1 3 -2 6 9 -5 -7 -9 -3
right_child=2 5 -4 4 -6 7 -8 8 -10 -11
leaf_value=0.13294711552775693 0.022282461410188015 -0.1336474742688275 0.086060231085096306 -0.060346760947135848 0.040340217585981324 -0.12014647986571084 -0.0187794981574732 -0.051930715910164543 -0.093987444787194327 -0.12903429203072628
leaf_weight=0.051799274981021881 0.2698652446269989 0.075241413898766041 0.27665586769580841 0.12927854619920254 0.14556670747697353 0.044513801112771034 0.10152760520577431 0.064665353856980801 0.070173725485801697 0.058242969214916229
leaf_count=1 6 3 5 4 4 3 2 4 4 3
internal_value=-1.04941e-09 -0.0712664 0.0281575 0.00336915 -0.010192 -0.10508 -0.042062 -0.0853164 -0.0738181 -0.131635
internal_weight=1.28753 0.364637 0.922894 0.646238 0.376373 0.312837 0.230806 0.179353 0.134839 0.133484
internal_count=39 18 21 16 10 17 6 11 8 6
is_linear=0
shrinkage=0.1


Tree=14
num_leaves=11
num_cat=0
split_feature=1 16 9 5 15 16 6 16 1 16
split_gain=0.197892 0.096733 0.127559 0.0772298 0.0524385 0.028098 0.0168626 0.00462565 0.00430122 0.00173174
threshold=0.66495000000000004 0.34768688951531318 9.5000000000000018 0.68900000000000017 0.27186435959259359 0.14299981874640891 1.0000000180025095e-35 0.19590564070757621 0.14675000000000002 0.34768688951531318
decision_type=2 2 2 2 2 2 2 2 2 2
left_child=3 2 -2 7 5 -4 -7 -1 -9 -10
right_child=1 -3 4 -5 -6 6 -8 8 9 -11
leaf_value=-0.12092399678644138 0.12258213040114137 0.073278047023610959 -0.078063807116458092 0.017748763894472355 0.051186990884397224 0.00055693808470085851 -0.04738191240082909 -0.11908797377164533 -0.067337810503720286 -0.09175960318131865
leaf_weight=0.069395706988871098 0.075537512078881264 0.27517688274383545 0.10011360049247742 0.075029108673334122 0.092933211475610733 0.19771999306976795 0.11667345464229584 0.037951773963868618 0.054577960632741451 0.062041563913226128
leaf_count=5 2 5 3 2 2 5 4 3 4 4
internal_value=7.8975e-10 0.0244101 0.00134341 -0.0700598 -0.0167042 -0.0319255 -0.0172335 -0.0994757 -0.0898464 -0.0803302
internal_weight=1.15715 0.858155 0.582978 0.298996 0.50744 0.414507 0.314393 0.223967 0.154571 0.11662
internal_count=39 21 16 18 14 12 9 16 11 8
is_linear=0
shrinkage=0.1


Tree=15
num_leaves=11
num_cat=0
split_feature=1 10 11 16 10 16 16 17 0 16
split_gain=0.178842 0.178861 0.0983105 0.0268274 0.0507746 0.0299531 0.0072726 0.00409339 0.00104826 9.41528e-05
threshold=0.66495000000000004 1.5000000000000002 1.0000000180025095e-35 0.17298933227509689 2.5000000000000004 0.34017957335736676 0.19590564070757621 0.37148671729690924 0.37500000000000006 0.14299981874640891
decision_type=2 2 2 2 2 2 2 2 2 2
left_child=1 -1 3 -2 5 -5 9 -8 -9 -3
right_child=2 6 -4 4 -6 -7 7 8 -10 -11
leaf_value=0.12745214950639286 0.028569149750639778 -0.12783890964482289 0.080376966761600319 0.049745243709911943 -0.077372392866164194 -0.02277158171777172 -0.070746565747090082 -0.11856643825211372 -0.094286401246422166 -0.1214198737782422
leaf_weight=0.039136748760938644 0.22186989150941372 0.054958490654826164 0.22342624701559544 0.10126859322190285 0.09654625877737999 0.13017968647181988 0.064527304843068123 0.032989851199090481 0.038572013378143311 0.039112348109483719
leaf_count=1 6 3 5 3 3 4 5 3 3 3
internal_value=-1.1836e-09 -0.0701835 0.0244412 0.00171288 -0.0164539 0.00895765 -0.10379 -0.0890107 -0.105479 -0.12517
internal_weight=1.04259 0.269297 0.773291 0.549864 0.327995 0.231448 0.23016 0.136089 0.0715619 0.0940708
internal_count=39 18 21 16 10 7 17 11 6 6
is_linear=0
shrinkage=0.1


Tree=16
num_leaves=12
num_cat=0
split_feature=1 10 16 9 15 16 16 1 17 0 16
split_gain=0.150285 0.136515 0.0663146 0.0919816 0.0433909 0.0106194 0.00613785 0.00376738 0.00370496 0.00101583 3.98563e-05
threshold=0.66495000000000004 1.5000000000000002 0.34768688951531318 9.5000000000000018 1.0000000180025095e-35 0.17298933227509689 0.19590564070757621 0.81220000000000014 0.37148671729690924 0.37500000000000006 0.14299981874640891
decision_type=2 2 2 2 2 2 2 2 2 2 2
left_child=1 -1 3 -2 5 -5 10 -6 -8 -10 -3
right_child=2 6 -4 4 7 -7 8 -9 9 -11 -12
leaf_value=0.12393693282109704 0.11982465118998067 -0.12484492332850915 0.067070114243703571 -0.07538115136259077 0.029975988169799336 -0.028551286306288132 -0.068420094814111113 0.0040783422689243893 -0.11778896453833941 -0.09206466478429047 -0.12029219847580044
leaf_weight=0.031157035380601883 0.05801762081682682 0.04559662938117981 0.22819467633962631 0.085094943642616272 0.098668452352285385 0.11236522439867258 0.056572175584733486 0.13041961565613747 0.028290674556046724 0.033562520518898964 0.033251640386879444
leaf_count=1 2 3 5 3 3 5 5 3 3 3 3
internal_value=-4.7002e-10 -0.0705853 0.0226217 0.00168975 -0.0143786 -0.0487325 -0.101308 0.0152325 -0.0869149 -0.103831 -0.122925
internal_weight=0.941191 0.228431 0.712761 0.484566 0.426548 0.19746 0.197274 0.229088 0.118425 0.0618532 0.0788483
internal_count=39 18 21 16 14 8 17 6 11 6 6
is_linear=0
shrinkage=0.1


Tree=17
num_leaves=12
num_cat=0
split_feature=1 1 10 10 6 16 16 1 7 1 16
split_gain=0.13875 0.0873696 0.106807 0.0181815 0.0094692 0.040215 0.00509396 0.00318665 0.000925703 0.000369991 1.50917e-05
threshold=0.89760000000000006 0.66495000000000004 1.5000000000000002 1.0000000180025095e-35 1.0000000180025095e-35 0.23710767707529751 0.19590564070757621 0.14675000000000002 1.5000000000000002 0.77260000000000006 0.14299981874640891
decision_type=2 2 2 2 2 2 2 2 2 2 2
left_child=1 2 -1 9 5 -5 10 -8 -9 -3 -4
right_child=-2 3 6 4 -6 -7 7 8 -10 -11 -12
leaf_value=0.12103614437510811 0.11845120471288306 -0.034593104429065116 -0.12255904032280514 0.037951442148702608 0.03643051354156112 -0.037259379673056578 -0.11734569979488037 -0.068044107659470054 -0.090313996873268326 -0.023347823140901957 -0.11951120638688631
leaf_weight=0.025180388242006302 0.088464416563510895 0.053981064818799496 0.037747244816273451 0.16357801482081413 0.14702175371348858 0.12574221380054951 0.024582001846283674 0.050943577662110329 0.029458797536790371 0.06388482078909874 0.028522202745079994
leaf_count=1 2 3 3 4 5 4 3 5 3 3 3
internal_value=-9.71161e-10 -0.0139597 -0.0712646 0.00635155 0.0157652 0.00526387 -0.0995396 -0.085837 -0.0762036 -0.028498 -0.121247
internal_weight=0.839106 0.750642 0.196434 0.554208 0.436342 0.28932 0.171254 0.104984 0.0804024 0.117866 0.0662694
internal_count=39 37 18 19 13 8 17 11 8 6 6
is_linear=0
shrinkage=0.1


Tree=18
num_leaves=12
num_cat=0
split_feature=1 1 5 16 6 1 16 1 10 7 1
split_gain=0.110675 0.0757193 0.0300031 0.0176816 0.0245876 0.0265623 0.0435548 0.00312595 0.00185131 0.000973176 9.09338e-07
threshold=0.89760000000000006 0.66495000000000004 0.68900000000000017 0.39840680465922101 1.0000000180025095e-35 0.81220000000000014 0.19590564070757621 0.14675000000000002 2.5000000000000004 1.5000000000000002 0.080400000000000013
decision_type=2 2 2 2 2 2 2 2 2 2 2
left_child=1 2 7 4 5 6 -3 10 -9 -10 -1
right_child=-2 3 -4 -5 -6 -7 -8 8 9 -11 -12
leaf_value=-0.11588146301923385 0.11617791300352272 0.035848565217830607 0.0057296370757504442 0.037950661457047043 -0.047756522223339204 0.048441783935275658 -0.061253834568887611 -0.10452055960457754 -0.062437026322069412 -0.08806308079471141 -0.1168175226610408
leaf_weight=0.020282512996345758 0.074113285169005394 0.091355130076408386 0.039565348997712135 0.13243027962744236 0.097825217992067337 0.11214587278664112 0.093440554104745388 0.027694537304341793 0.03490527207031846 0.025752915069460869 0.021252572536468506
leaf_count=3 2 3 2 4 5 3 4 3 4 3 3
internal_value=-6.34364e-10 -0.0123596 -0.0705107 0.00633146 -0.00427566 0.0100488 -0.0132505 -0.0937344 -0.0830977 -0.0733168 -0.11636
internal_weight=0.770763 0.69665 0.169453 0.527197 0.394767 0.296942 0.184796 0.129888 0.0883527 0.0606582 0.0415351
internal_count=39 37 18 19 15 10 7 16 10 7 6
is_linear=0
shrinkage=0.1


Tree=19
num_leaves=12
num_cat=0
split_feature=1 10 11 16 6 16 16 1 1 7 16
split_gain=0.0956798 0.0799928 0.0462853 0.0231222 0.0324652 0.00448068 0.00359375 0.00153262 0.00120075 5.05662e-05 1.35129e-05
threshold=0.66495000000000004 1.5000000000000002 1.0000000180025095e-35 0.17298933227509689 1.0000000180025095e-35 0.19590564070757621 0.30901617195650094 0.14675000000000002 0.85385000000000011 1.5000000000000002 0.14299981874640891
decision_type=2 2 2 2 2 2 2 2 2 2 2
left_child=1 -1 3 -2 8 10 -7 -8 -5 -9 -3
right_child=2 5 -4 4 -6 6 7 9 -10 -11 -12
leaf_value=0.1185145962131756 0.029567557712584736 -0.12162493349429858 0.067058819658366159 -0.05444846055497711 0.031259264303772259 -0.03648244235116626 -0.11659470263271686 -0.080080078880574834 -0.036364622104479646 -0.086465062057435524 -0.11835223591920524
leaf_weight=0.019698945805430412 0.17299615126103163 0.030344161204993725 0.14888080582022667 0.084555766545236111 0.083475995808839798 0.013938437681645155 0.018701654393225908 0.026852307841181755 0.064898796379566193 0.023050884716212749 0.021595228929072618
leaf_count=1 6 3 5 4 4 2 3 3 2 3 3
internal_value=9.68774e-10 -0.0696859 0.0193658 0.00187354 -0.0186946 -0.0972534 -0.0827742 -0.0921793 -0.0465958 -0.0830294 -0.120264
internal_weight=0.708989 0.154182 0.554808 0.405927 0.232931 0.134483 0.0825433 0.0686048 0.149455 0.0499032 0.0519394
internal_count=39 18 21 16 10 17 11 9 6 6 6
is_linear=0
shrinkage=0.1


Tree=20
num_leaves=12
num_cat=0
split_feature=1 16 1 16 6 16 1 17 0 10 1
split_gain=0.0829463 0.0775379 0.0768739 0.0444226 0.0427988 0.0449396 0.0185831 0.00770917 0.00640646 0.00148651 0.000236172
threshold=0.89760000000000006 0.081128502994006924 0.68730000000000013 0.19590564070757621 1.0000000180025095e-35 0.34017957335736676 0.81220000000000014 0.20573640326672274 0.65000000000000002 5.5000000000000009 0.24450000000000002
decision_type=2 2 2 2 2 2 2 2 2 2 2
left_child=1 -1 7 6 5 -5 -4 -3 9 10 -9
right_child=-2 2 3 4 -6 -7 -8 8 -10 -11 -12
leaf_value=0.079027911972543385 0.1143542724686417 -0.1323591452737341 -0.074376476334790428 0.052007562257591212 0.091515983015751534 -0.063023506142679458 -0.0097729786705979781 -0.11613086636395364 -0.039532397559229583 -0.078145572644482519 -0.10005962814277612
leaf_weight=0.08276143204420805 0.057901419699192047 0.032442088704556227 0.080884386785328388 0.069849276915192604 0.071802697144448757 0.066103691235184669 0.099050264805555344 0.016192453913390636 0.032275496516376734 0.034081481397151947 0.02100578136742115
leaf_count=5 2 2 4 3 3 3 3 3 3 5 3
internal_value=-2.13783e-09 -0.0109181 -0.0251328 -0.00244064 0.0290615 -0.00392338 -0.0388136 -0.0898218 -0.0764956 -0.0932326 -0.107055
internal_weight=0.66435 0.606449 0.523688 0.38769 0.207756 0.135953 0.179935 0.135997 0.103555 0.0712797 0.0371982
internal_count=39 37 32 16 9 6 7 16 14 11 6
is_linear=0
shrinkage=0.1


Tree=21
num_leaves=14
num_cat=0
split_feature=1 10 16 1 15 16 15 16 16 1 1 3 7
split_gain=0.0758602 0.058465 0.0526464 0.0579016 0.0546873 0.0344225 0.0137874 0.00456934 0.00280008 0.00159387 0.00148656 7.91282e-05 1.12881e-05
threshold=0.66495000000000004 1.5000000000000002 0.42116713605012329 0.85385000000000011 0.27186435959259359 0.34017957335736676 -0.076557003346401864 0.19590564070757621 0.30901617195650094 0.81220000000000014 0.14675000000000002 0.47360000000000008 1.5000000000000002
decision_type=2 2 2 2 2 2 2 2 2 2 2 2 2
left_child=1 -1 3 4 5 6 -2 11 -9 -8 -10 -3 -12
right_child=2 7 -4 -5 -6 -7 9 8 10 -11 12 -13 -14
leaf_value=0.11547683954461448 -0.063490550180977809 -0.12540549010148536 -0.058492308550091257 0.11369406354692231 0.096157571518688797 0.059682016028473978 -0.019905289431691734 -0.034102362826213262 -0.11573161616620889 0.0010889471791386785 -0.076578426554556017 -0.11666111916044662 -0.079940460047655315
leaf_weight=0.015016497112810612 0.063033217564225197 0.016927976161241531 0.076435424387454987 0.07148553803563118 0.066429439932107925 0.063432297669351101 0.062106187455356121 0.011758132372051477 0.01420028368011117 0.086565885692834854 0.022005053702741861 0.026624575722962618 0.01828480651602149
leaf_count=1 3 1 2 3 2 4 4 2 3 3 3 5 3
internal_value=3.01317e-09 -0.0695902 0.0177452 0.031853 0.0147247 -0.00493652 -0.0242979 -0.0949002 -0.0783599 -0.00768117 -0.08791 -0.12006 -0.0781042
internal_weight=0.614305 0.124817 0.489488 0.413053 0.341567 0.275138 0.211705 0.109801 0.0662483 0.148672 0.0544901 0.0435526 0.0402899
internal_count=39 18 21 19 16 14 10 17 11 7 9 6 6
is_linear=0
shrinkage=0.1


Tree=22
num_leaves=11
num_cat=0
split_feature=16 16 1 16 15 15 6 1 5 1
split_gain=0.532969 0.23169 0.0974634 0.0640401 0.0253035 0.0159552 0.00547588 0.00457421 0.00148289 0.000703175
threshold=0.081128502994006924 0.42116713605012329 0.85385000000000011 0.39840680465922101 0.17430747264010615 -0.08825887563113223 1.0000000180025095e-35 0.81220000000000014 0.39990000000000009 0.77260000000000006
decision_type=2 2 2 2 2 2 2 2 2 2
left_child=-1 2 3 4 5 8 7 9 -2 -7
right_child=1 -3 -4 -5 -6 6 -8 -9 -10 -11
leaf_value=0.14271664230494971 -0.088073499424441593 -0.14974824717727078 0.11171959649373867 0.080981160294958165 -0.1293939313751285 -0.03632983924238415 -0.046245936604944138 0.0097180868262281925 -0.058950833417641901 -0.016101070412894193
leaf_weight=0.19447013712488115 0.041373458225280046 0.1631214008666575 0.057844505645334721 0.046104933833703399 0.03221188741736114 0.03818372031673789 0.057632444426417351 0.064785968512296677 0.030280780512839556 0.031245652586221695
leaf_count=5 4 4 3 4 3 4 4 2 4 2
internal_value=5.52671e-09 -0.0493157 -0.00832445 -0.028639 -0.0457299 -0.0355024 -0.020464 -0.00939312 -0.0757664 -0.0272262
internal_weight=0.757255 0.562785 0.399663 0.341819 0.295714 0.263502 0.191848 0.134215 0.0716542 0.0694294
internal_count=39 34 30 27 23 20 12 8 8 6
is_linear=0
shrinkage=0.1


Tree=23
num_leaves=12
num_cat=0
split_feature=1 10 11 16 2 16 1 16 5 16 0
split_gain=0.0540618 0.0713207 0.0283783 0.0502677 0.0177008 0.00637838 0.00371247 0.00363754 0.0046225 0.000850827 0.000133989
threshold=0.66495000000000004 1.5000000000000002 1.0000000180025095e-35 0.14299981874640891 0.60000000000000009 0.19590564070757621 0.14675000000000002 0.30901617195650094 0.39990000000000009 0.34768688951531318 0.85000000000000009
decision_type=2 2 2 2 2 2 2 2 2 2 2
left_child=1 -1 3 -2 -5 10 -7 8 -6 -8 -3
right_child=2 5 -4 4 7 6 9 -9 -10 -11 -12
leaf_value=0.11275301559064786 0.083810305829825488 -0.11790245147383605 0.066816842634489476 -0.068831759894268138 -0.0083369501338813445 -0.1175182607140854 -0.043558285988014769 -0.023069006327668944 0.031417536430367245 -0.071177183058634047 -0.12930808872598071
leaf_weight=0.020221337676048279 0.061444881372153759 0.024037192575633526 0.091412176378071308 0.052615351043641567 0.077309787273406982 0.013553758151829243 0.021684488281607628 0.061249581165611744 0.047048315405845642 0.022968195378780365 0.018022352829575539
leaf_count=1 3 5 5 4 3 3 4 3 3 4 1
internal_value=-7.05454e-10 -0.0585674 0.0180439 0.00316602 -0.0176346 -0.0931188 -0.0716787 -0.00312138 0.00670334 -0.0577647 -0.12279
internal_weight=0.511567 0.120487 0.39108 0.299668 0.238223 0.100266 0.0582064 0.185608 0.124358 0.0446527 0.0420595
internal_count=39 18 21 16 13 17 11 9 6 8 6
is_linear=0
shrinkage=0.1


Tree=24
num_leaves=13
num_cat=0
split_feature=1 10 10 16 3 16 16 1 16 16 3 1
split_gain=0.0453916 0.0591931 0.020258 0.0121906 0.0434481 0.00908853 0.00497171 0.00310062 0.000726743 0.00059535 6.54859e-05 4.56319e-06
threshold=0.66495000000000004 1.5000000000000002 1.0000000180025095e-35 0.30901617195650094 0.6422500000000001 0.14299981874640891 0.19590564070757621 0.14675000000000002 0.17298933227509689 0.34768688951531318 0.47360000000000008 0.77260000000000006
decision_type=2 2 2 2 2 2 2 2 2 2 2 2
left_child=1 -1 11 5 -5 -4 10 -8 -7 -9 -3 -2
right_child=2 6 3 4 -6 8 7 9 -10 -11 -12 -13
leaf_value=0.11150513138164082 -0.030464725444740989 -0.1254273532359737 0.045663282501206021 -0.011739477167265137 0.10943986534625344 0.0019579503488325709 -0.1168387776748384 -0.045981569146880397 -0.014304343350496046 -0.070276942404629714 -0.11668469063030572 -0.032090013293089949
leaf_weight=0.017223013564944267 0.031004518736153841 0.014666612260043621 0.053222592920064926 0.055262500420212746 0.063685338012874126 0.072703652083873749 0.011787994066253304 0.019501913571730256 0.044178266078233719 0.020890429150313139 0.020603090524673462 0.039009069092571735
leaf_count=1 3 1 2 3 4 3 3 4 3 4 5 3
internal_value=-1.06377e-09 -0.0579456 0.016892 0.028582 0.0531406 0.011409 -0.0913184 -0.0717155 -0.00418877 -0.0585468 -0.12032 -0.0313703
internal_weight=0.463739 0.104673 0.359066 0.289052 0.118948 0.170105 0.08745 0.0521803 0.116882 0.0403923 0.0352697 0.0700136
internal_count=39 18 21 15 7 8 17 11 6 8 6 6
is_linear=0
shrinkage=0.1


Tree=25
num_leaves=12
num_cat=0
split_feature=1 10 10 16 3 1 16 1 16 3 1
split_gain=0.040423 0.0491628 0.0161356 0.0121011 0.0344791 0.00556984 0.00405193 0.00260279 0.000413857 4.03896e-05 1.07066e-06
threshold=0.66495000000000004 1.5000000000000002 1.0000000180025095e-35 0.30901617195650094 0.6422500000000001 0.81220000000000014 0.19590564070757621 0.14675000000000002 0.34768688951531318 0.47360000000000008 0.77260000000000006
decision_type=2 2 2 2 2 2 2 2 2 2 2
left_child=1 -1 10 5 -5 -4 9 -8 -9 -3 -2
right_child=2 6 3 4 -6 -7 7 8 -10 -11 -12
leaf_value=0.11036419552109325 -0.028040051060291334 -0.12324407232577131 -0.0092001750157267564 -0.0060622067730546339 0.10852742546411878 0.027858027851440773 -0.11622749833314878 -0.048568177228657416 -0.069742150041768466 -0.11580187035383896 -0.028857259325033038
leaf_weight=0.014502676203846931 0.028899470809847116 0.012281195260584354 0.078396478667855263 0.050511348992586136 0.05468726996332407 0.084030041471123695 0.010373621713370085 0.017807704862207174 0.019165897509083152 0.017951755318790674 0.036006597802042961
leaf_count=1 3 1 4 3 4 4 3 4 4 5 3
internal_value=-3.7698e-11 -0.0586332 0.0162364 0.0270846 0.053507 0.00997159 -0.0902252 -0.0719632 -0.0595441 -0.118825 -0.0284934
internal_weight=0.424614 0.0920829 0.332531 0.267625 0.105199 0.162427 0.0775802 0.0473472 0.0369736 0.030233 0.0649061
internal_count=39 18 21 15 7 8 17 11 8 6 6
is_linear=0
shrinkage=0.1


Tree=26
num_leaves=12
num_cat=0
split_feature=1 10 1 15 16 3 16 1 1 16 3
split_gain=0.0355373 0.0414692 0.0136164 0.0091683 0.0135098 0.00829723 0.00336208 0.0022266 0.000808017 0.000281123 2.32974e-05
threshold=0.66495000000000004 1.5000000000000002 0.85385000000000011 0.27186435959259359 0.34017957335736676 0.53870000000000007 0.19590564070757621 0.14675000000000002 0.81220000000000014 0.34768688951531318 0.47360000000000008
decision_type=2 2 2 2 2 2 2 2 2 2 2
left_child=1 -1 3 4 5 8 10 -8 -2 -9 -3
right_child=2 6 -4 -5 -6 -7 7 9 -10 -11 -12
leaf_value=0.10956826341902726 -0.014601628869568195 -0.12117887542031831 0.052944250811243432 0.044753159584659669 0.047489739664584751 -0.056411746069973158 -0.11569980484064075 -0.050663628493792745 0.0026751330899721982 -0.068892771119563948 -0.11505441973914335
leaf_weight=0.012399087660014629 0.046541326679289341 0.01028137095272541 0.073755539953708649 0.044276798143982887 0.038221781142055988 0.04269156139343977 0.0091461136471480131 0.016347828786820173 0.064706779085099697 0.017533162143081427 0.01568931806832552
leaf_count=1 4 1 5 2 4 3 3 4 3 4 5
internal_value=-1.19287e-09 -0.0588083 0.0154317 0.00372987 -0.0057225 -0.0189346 -0.0890661 -0.0719163 -0.00455271 -0.0600971 -0.117479
internal_weight=0.391591 0.0813969 0.310194 0.236438 0.192161 0.15394 0.0689978 0.0430271 0.111248 0.033881 0.0259707
internal_count=39 18 21 16 14 10 17 11 7 8 6
is_linear=0
shrinkage=0.1


Tree=27
num_leaves=11
num_cat=0
split_feature=1 15 6 1 16 16 3 3 7 1
split_gain=0.0318911 0.0148263 0.0114487 0.00993383 0.00651527 0.0113772 0.0251546 0.00259902 1.2785e-05 3.15376e-08
threshold=0.66495000000000004 -0.076557003346401864 1.0000000180025095e-35 0.85385000000000011 0.34017957335736676 0.17298933227509689 0.47360000000000008 0.6422500000000001 1.0000000180025095e-35 0.080400000000000013
decision_type=2 2 2 2 2 2 2 2 2 2
left_child=1 7 -3 4 5 6 -2 8 -1 -10
right_child=3 2 -4 -5 -6 -7 -8 -9 9 -11
leaf_value=-0.11972841242178761 0.075370213501608357 -0.06227778297739392 0.065170799755634654 0.047698368463354845 0.043280811279591477 -0.036884572165600309 -0.018772700861769787 -0.067456621550521276 -0.11487951771520602 -0.11515562356824477
leaf_weight=0.0088153919205069542 0.044088478200137615 0.015174900181591511 0.013161445735022426 0.069378605578094721 0.036197158973664045 0.065070631913840771 0.079668134450912476 0.018619253998622298 0.0084846299141645432 0.0080733019858598709
leaf_count=1 3 4 2 5 4 5 4 5 3 3
internal_value=-3.38272e-10 -0.0594943 -0.00308146 0.0146166 0.00441691 -0.00303309 0.0147659 -0.0958307 -0.116652 -0.115014
internal_weight=0.366732 0.0723289 0.0283363 0.294403 0.225024 0.188827 0.123757 0.0439926 0.0253733 0.0165579
internal_count=39 18 6 21 16 12 7 12 7 6
is_linear=0
shrinkage=0.1


Tree=28
num_leaves=11
num_cat=0
split_feature=1 15 6 11 16 2 3 16 5 6
split_gain=0.0274387 0.0126603 0.0100639 0.00908339 0.0224688 0.0182838 0.00239558 0.00211252 0.000496172 1.60499e-05
threshold=0.66495000000000004 -0.076557003346401864 1.0000000180025095e-35 1.0000000180025095e-35 0.14299981874640891 0.60000000000000009 0.6422500000000001 0.30901617195650094 0.39990000000000009 1.0000000180025095e-35
decision_type=2 2 2 2 2 2 2 2 2 2
left_child=1 6 -3 4 -2 -6 9 8 -7 -1
right_child=3 2 -4 -5 5 7 -8 -9 -10 -11
leaf_value=-0.11851329881767665 0.070376648144737111 -0.061914495654768267 0.062162659274853926 0.047898844789169698 -0.067715727328844733 0.010027996821954559 -0.065795942312991185 -0.011360274293361445 0.02542320209132953 -0.11312629490211668
leaf_weight=0.010108409449458122 0.041465855203568935 0.014099689666181803 0.012187640648335218 0.060810472816228867 0.043477924074977636 0.056468172930181026 0.017064881976693869 0.042355253361165524 0.033267769496887922 0.012212620582431555
leaf_count=4 3 4 2 5 4 3 5 3 3 3
internal_value=4.65975e-10 -0.0581319 -0.00438839 0.0137404 0.00416964 -0.0114671 -0.0940019 0.00704717 0.0157355 -0.115566
internal_weight=0.343519 0.0656732 0.0262873 0.277845 0.217035 0.175569 0.0393859 0.132091 0.0897359 0.022321
internal_count=39 18 6 21 16 13 12 9 6 7
is_linear=0
shrinkage=0.1


Tree=29
num_leaves=10
num_cat=0
split_feature=1 1 15 6 16 3 16 3 6
split_gain=0.0232038 0.0113367 0.0107498 0.00854969 0.00710198 0.0183911 0.0191324 0.00220985 2.05309e-05
threshold=0.66495000000000004 0.85385000000000011 -0.076557003346401864 1.0000000180025095e-35 0.34017957335736676 0.53870000000000007 0.19590564070757621 0.6422500000000001 1.0000000180025095e-35
decision_type=2 2 2 2 2 2 2 2 2
left_child=2 4 7 -4 5 6 -2 8 -1
right_child=1 -3 3 -5 -6 -7 -8 -9 -10
leaf_value=-0.11805599111632011 0.034937443864167861 0.050221095041494537 -0.061417015114431733 0.056583066453005253 0.044353759246141211 -0.072139025325236569 -0.046838086680249524 -0.063941569210641855 -0.11153007583942308
leaf_weight=0.0089949803659692407 0.092956677079200745 0.06182924285531044 0.013021872378885746 0.011618980672210455 0.032115704379975796 0.034444672986865044 0.041331370361149311 0.015540415653958917 0.010388671420514584
leaf_count=4 6 5 4 2 4 3 3 5 3
internal_value=-1.33217e-09 0.0127783 -0.0563514 -0.00577606 0.00125186 -0.00695193 0.00976845 -0.0920351 -0.114558
internal_weight=0.322243 0.262678 0.0595649 0.0246409 0.200848 0.168733 0.134288 0.0349241 0.0193837
internal_count=39 21 18 6 16 12 9 12 7
is_linear=0
shrinkage=0.1


Tree=30
num_leaves=11
num_cat=0
split_feature=16 1 16 11 17 16 16 0 10 16
split_gain=0.0224648 0.042293 0.0192946 0.0336531 0.00612982 0.00553898 0.00448187 0.00283634 0.00108478 0.000212305
threshold=0.081128502994006924 0.68730000000000013 0.14299981874640891 1.0000000180025095e-35 0.20573640326672274 0.34017957335736676 0.19590564070757621 0.65000000000000002 5.5000000000000009 0.39840680465922101
decision_type=2 2 2 2 2 2 2 2 2 2
left_child=-1 4 -3 5 -2 6 -4 8 9 -6
right_child=1 2 3 -5 7 -7 -8 -9 -10 -11
leaf_value=0.07040236682397337 -0.13498829147791974 -0.059546516124547068 -0.0025920815857187391 0.10738622574591322 -0.11415965902856584 -0.029476794926049515 0.043332251028630552 -0.026855153168771375 -0.063064778984013067 -0.089422658215332879
leaf_weight=0.039402006426826119 0.017310488736256957 0.032459275797009468 0.05681450292468071 0.038102966733276844 0.007212263997644186 0.041608835570514202 0.033948853611946106 0.013667368562892079 0.014354393351823092 0.0066856676712632179
leaf_count=5 2 3 4 4 3 4 3 3 5 3
internal_value=-5.93529e-10 -0.0105811 0.0111179 0.0245728 -0.0849264 0.000735179 0.0145853 -0.0642537 -0.0823457 -0.10226
internal_weight=0.301567 0.262165 0.202934 0.170475 0.0592302 0.132372 0.0907634 0.0419197 0.0282523 0.0138979
internal_count=39 34 18 15 16 11 7 14 11 6
is_linear=0
shrinkage=0.1


Tree=31
num_leaves=12
num_cat=0
split_feature=1 10 15 6 16 3 16 3 16 0 6
split_gain=0.0207441 0.0110563 0.00867337 0.00640738 0.00579811 0.0216123 0.00441334 0.00230548 0.00109203 9.45233e-05 1.64083e-05
threshold=0.66495000000000004 1.0000000180025095e-35 -0.076557003346401864 1.0000000180025095e-35 0.30901617195650094 0.6422500000000001 0.14299981874640891 0.6422500000000001 0.17298933227509689 0.85000000000000009 1.0000000180025095e-35
decision_type=2 2 2 2 2 2 2 2 2 2 2
left_child=2 9 7 -4 6 -6 -3 10 -8 -2 -1
right_child=1 4 3 -5 5 -7 8 -9 -10 -11 -12
leaf_value=-0.11829139914990826 -0.025924398873721988 0.040808297993560436 -0.059539653846599996 0.050722083589431213 -0.0071200306988836648 0.10652304567396664 0.0061740536533501818 -0.059596814227018263 -0.019069475622753421 -0.03501187628202488 -0.112100260294899
leaf_weight=0.0076594130368903271 0.026400469709187746 0.033183302730321884 0.01118722278624773 0.0099644332658499479 0.034472929779440165 0.0325221405364573 0.046597416512668133 0.013379850890487432 0.027105513494461775 0.020206538029015064 0.0097045226721093059
leaf_count=4 3 2 4 2 3 4 3 5 3 3 3
internal_value=-3.36573e-10 0.0133884 -0.0568833 -0.00759593 0.0249818 0.048047 0.0105248 -0.0907929 -0.00310969 -0.0298643 -0.114831
internal_weight=0.272384 0.220488 0.0518954 0.0211517 0.173881 0.0669951 0.106886 0.0307438 0.0737029 0.046607 0.0173639
internal_count=39 21 18 6 15 7 8 12 6 6 7
is_linear=0
shrinkage=0.1


Tree=32
num_leaves=11
num_cat=0
split_feature=1 1 9 16 10 16 16 16 1 16
split_gain=0.018702 0.010436 0.00730636 0.0127035 0.00633916 0.00271697 0.000604653 0.000215766 0.000135516 6.06817e-08
threshold=0.66495000000000004 0.85385000000000011 86.500000000000014 0.30901617195650094 4.5000000000000009 0.19590564070757621 0.23710767707529751 0.34768688951531318 0.77260000000000006 0.14299981874640891
decision_type=2 2 2 2 2 2 2 2 2 2
left_child=2 4 5 -4 8 9 -6 -7 -2 -1
right_child=1 -3 3 -5 6 7 -8 -9 -10 -11
leaf_value=-0.11452200054059554 -0.034091440015111045 0.053337418668920861 0.077577990322193785 -0.099186560008756919 0.018917037793199282 -0.043368409549664685 0.0025720582374129247 -0.066681286836529893 -0.023680058133463126 -0.11412084908258301
leaf_weight=0.0090731951640918851 0.025224927347153425 0.04897723626345396 0.008998931385576725 0.0074163676472380749 0.076595449820160866 0.0075939445523545137 0.032125275582075119 0.0083191131707280874 0.024786435067653656 0.0064526039641350516
leaf_count=3 4 5 2 4 5 3 4 3 3 3
internal_value=-1.65412e-09 0.0129845 -0.0563589 -0.00228354 0.000533533 -0.0845935 0.0140874 -0.055556 -0.0289314 -0.114355
internal_weight=0.255563 0.207709 0.0478542 0.0164153 0.158732 0.0314389 0.108721 0.0159131 0.0500114 0.0155258
internal_count=39 21 18 6 16 12 9 6 7 6
is_linear=0
shrinkage=0.1


Tree=33
num_leaves=10
num_cat=0
split_feature=1 1 15 10 6 3 16 1 6
split_gain=0.0167362 0.00762044 0.00674257 0.00487136 0.00474095 0.00158996 0.000686985 7.15409e-05 1.39116e-05
threshold=0.66495000000000004 0.85385000000000011 -0.076557003346401864 4.5000000000000009 1.0000000180025095e-35 0.6422500000000001 0.23710767707529751 0.77260000000000006 1.0000000180025095e-35
decision_type=2 2 2 2 2 2 2 2 2
left_child=2 3 5 7 -4 8 -5 -2 -1
right_child=1 -3 4 6 -6 -7 -8 -9 -10
leaf_value=-0.11666437752219411 -0.029278728750577351 0.047467615480604256 -0.058200680527054564 0.018461345837851108 0.044520947499468354 -0.062702957619033703 0.00091144224374269394 -0.021479428072005358 -0.11023404803801647
leaf_weight=0.0061594346771016717 0.023683054838329554 0.04685147269628942 0.0095369267510250211 0.074792690575122833 0.0084954260382801294 0.011573826894164085 0.031783192418515682 0.023363010492175817 0.0074142732191830873
leaf_count=4 4 5 4 5 2 5 4 3 3
internal_value=-9.46623e-10 0.0121634 -0.0564716 0.00139634 -0.00980633 -0.0899335 0.0132276 -0.0254056 -0.113152
internal_weight=0.243653 0.200473 0.0431799 0.153622 0.0180324 0.0251475 0.106576 0.0470461 0.0135737
internal_count=39 21 18 16 6 12 9 7 7
is_linear=0
shrinkage=0.1


Tree=34
num_leaves=11
num_cat=0
split_feature=16 1 16 3 17 1 3 0 10 16
split_gain=0.0184665 0.0289292 0.0132139 0.0184548 0.0039883 0.00361203 0.00638117 0.00205486 0.000835232 9.73809e-05
threshold=0.081128502994006924 0.68730000000000013 0.23710767707529751 0.6422500000000001 0.20573640326672274 0.81220000000000014 0.6422500000000001 0.65000000000000002 5.5000000000000009 0.30901617195650094
decision_type=2 2 2 2 2 2 2 2 2 2
left_child=-1 4 5 -4 -2 6 -3 8 9 -6
right_child=1 2 3 -5 7 -7 -8 -9 -10 -11
leaf_value=0.073426556683834493 -0.13001607140363922 -0.0057168623317490298 0.00020047188162430719 0.10633860265151021 -0.11316976223585945 0.0060150257350616194 -0.078932766037432711 -0.027319748997517376 -0.061742027826461904 -0.093510497793770062
leaf_weight=0.029893827391788363 0.012537204544059932 0.031133635900914669 0.041294386610388756 0.027154555777087808 0.0042180728632956743 0.041923890821635723 0.019272863864898682 0.010542096337303519 0.010741967358626425 0.0062575712217949331
leaf_count=5 2 4 5 4 2 3 2 3 5 4
internal_value=-1.90747e-09 -0.0107033 0.009011 0.0423068 -0.0822582 -0.0156728 -0.0337109 -0.0634057 -0.0813352 -0.101426
internal_weight=0.23497 0.205076 0.160779 0.0684489 0.0442969 0.0923304 0.0504065 0.0317597 0.0212176 0.0104756
internal_count=39 34 18 9 16 9 6 14 11 6
is_linear=0
shrinkage=0.1


Tree=35
num_leaves=12
num_cat=0
split_feature=1 10 16 1 16 16 15 6 3 1 6
split_gain=0.0151357 0.00639941 0.0219417 0.0139929 0.0165474 0.0157567 0.00553906 0.00357963 0.00168607 9.14917e-05 1.27696e-05
threshold=0.66495000000000004 1.0000000180025095e-35 0.081128502994006924 0.7047500000000001 0.23710767707529751 0.42116713605012329 -0.076557003346401864 1.0000000180025095e-35 0.6422500000000001 0.77260000000000006 1.0000000180025095e-35
decision_type=2 2 2 2 2 2 2 2 2 2 2
left_child=6 9 -3 -4 -5 -6 8 -8 10 -2 -1
right_child=1 2 3 4 5 -7 7 -9 -10 -11 -12
leaf_value=-0.11717899442057034 -0.030460437389460894 0.13415709489488259 -0.084057139172702022 -0.017982751862267467 0.10643584663289932 -0.0026541097543161299 -0.056387897010078528 0.039219974423648697 -0.058510766657025093 -0.020395127200152487 -0.11070982916036309
leaf_weight=0.005402661394327879 0.015907198190689087 0.015538142994046211 0.014543426223099232 0.055579259991645813 0.030916869407519698 0.023157462477684021 0.0083387870108708739 0.0073835519142448893 0.010106219560839236 0.020891097839921713 0.0070107984938658774
leaf_count=4 3 1 2 5 5 2 4 2 5 3 3
internal_value=-6.57215e-10 0.0123557 0.0221262 0.00811013 0.0203343 0.0597178 -0.0570365 -0.0114884 -0.0888363 -0.0247462 -0.113525
internal_weight=0.214775 0.176533 0.139735 0.124197 0.109654 0.0540743 0.038242 0.0157223 0.0225197 0.0367983 0.0124135
internal_count=39 21 15 14 12 7 18 6 12 6 7
is_linear=0
shrinkage=0.1


Tree=36
num_leaves=11
num_cat=0
split_feature=1 1 9 16 10 16 3 16 16 16
split_gain=0.0142867 0.00606099 0.00496773 0.00818932 0.00408137 0.00215845 0.000480889 0.000251694 0.000221652 2.23186e-07
threshold=0.66495000000000004 0.85385000000000011 86.500000000000014 0.30901617195650094 4.5000000000000009 0.19590564070757621 0.53870000000000007 0.19590564070757621 0.34768688951531318 0.14299981874640891
decision_type=2 2 2 2 2 2 2 2 2 2
left_child=2 4 5 -4 7 9 -6 -2 -7 -1
right_child=1 -3 3 -5 6 8 -8 -9 -10 -11
leaf_value=-0.11355957322435362 -0.014638896947208525 0.048748231245401175 0.072988976021638785 -0.096343508594989219 0.019939496953104138 -0.039317090798079816 0.0038580476848740575 -0.031184226597040177 -0.066374751688426464 -0.11268550616200523
leaf_weight=0.0069031135644763708 0.015115154907107353 0.03627722361125052 0.006342197535559535 0.0051959179108962417 0.055982598103582859 0.0058476135600358248 0.027843171264976263 0.023472261615097523 0.0062778363935649395 0.0050645729061216116
leaf_count=3 3 5 2 4 5 3 4 4 3 3
internal_value=2.95799e-10 0.0128483 -0.0572223 -0.00326591 0.00220933 -0.0830618 0.014598 -0.0247032 -0.0533259 -0.11319
internal_weight=0.194322 0.15869 0.0356313 0.0115381 0.122413 0.0240931 0.0838258 0.0385874 0.0121254 0.0119677
internal_count=39 21 18 6 16 12 9 7 6 6
is_linear=0
shrinkage=0.1


Tree=37
num_leaves=11
num_cat=0
split_feature=1 9 16 1 10 16 16 16 7 16
split_gain=0.0127249 0.00499934 0.00746276 0.00453605 0.00310071 0.00150505 0.000385665 8.71372e-05 6.12088e-05 7.25809e-08
threshold=0.66495000000000004 86.500000000000014 0.30901617195650094 0.85385000000000011 4.5000000000000009 0.19590564070757621 0.23710767707529751 0.19590564070757621 1.5000000000000002 0.14299981874640891
decision_type=2 2 2 2 2 2 2 2 2 2
left_child=1 5 -3 4 7 9 -6 -2 -7 -1
right_child=3 2 -4 -5 6 8 -8 -9 -10 -11
leaf_value=-0.11226804645845301 -0.015431185907285922 0.07344741225765454 -0.094883398425849586 0.043673569035753507 0.017868646926779592 -0.052162538386916549 0.0028399234804443538 -0.025462841760221525 -0.0669782218416244 -0.11173492456825077
leaf_weight=0.0059716459363698959 0.01412453455850482 0.0059487224789336324 0.0047262260341085494 0.034923032624647021 0.057995088398456573 0.0058465172769501805 0.024200409185141325 0.022376109845936298 0.0053312355885282159 0.0044616699451580644
leaf_count=3 3 2 4 5 5 3 4 4 3 3
internal_value=-2.54837e-09 -0.0570686 -0.00107936 0.0119941 0.00267324 -0.0847249 0.0134438 -0.0215809 -0.0592289 -0.11204
internal_weight=0.185905 0.032286 0.0106749 0.153619 0.118696 0.0216111 0.0821955 0.0365006 0.0111778 0.0104333
internal_count=39 18 6 21 16 12 9 7 6 6
is_linear=0
shrinkage=0.1


Tree=38
num_leaves=10
num_cat=0
split_feature=16 1 16 3 16 17 0 10 16
split_gain=0.0115195 0.0208728 0.00837799 0.0136406 0.00467594 0.00291817 0.00116717 0.000662804 0.000172668
threshold=0.081128502994006924 0.68730000000000013 0.23710767707529751 0.6422500000000001 0.14299981874640891 0.20573640326672274 0.65000000000000002 5.5000000000000009 0.39840680465922101
decision_type=2 2 2 2 2 2 2 2 2
left_child=-1 5 4 -4 -3 -2 7 8 -7
right_child=1 2 3 -5 -6 6 -8 -9 -10
leaf_value=0.068401298639134175 -0.12702994312073637 -0.053169521878507736 -0.00031372795225031568 0.1055383248043637 0.0033710639840286907 -0.11200934223679036 -0.029943339261718157 -0.057526331054612558 -0.081351888123044697
leaf_weight=0.021639258251525462 0.00942118966486305 0.020337960217148066 0.031767307780683041 0.019738319329917431 0.052086786832660437 0.0041989700403064481 0.0079306339612230659 0.0082969232462346554 0.0032661324949003756
leaf_count=5 2 3 5 4 6 3 3 5 3
internal_value=1.00171e-09 -0.00942507 0.0094199 0.0402516 -0.0125064 -0.0799534 -0.0612338 -0.0769775 -0.0985961
internal_weight=0.178683 0.157044 0.12393 0.0515056 0.0724247 0.0331138 0.0236927 0.015762 0.0074651
internal_count=39 34 18 9 9 16 14 11 6
is_linear=0
shrinkage=0.1


Tree=39
num_leaves=12
num_cat=0
split_feature=1 10 9 16 16 3 1 16 0 16 16
split_gain=0.0115291 0.00404227 0.00395666 0.00574792 0.00338003 0.0111948 0.00213193 0.00142579 0.00024747 7.27295e-05 1.21324e-06
threshold=0.66495000000000004 1.0000000180025095e-35 86.500000000000014 0.30901617195650094 0.30901617195650094 0.6422500000000001 0.81220000000000014 0.19590564070757621 0.85000000000000009 0.34768688951531318 0.14299981874640891
decision_type=2 2 2 2 2 2 2 2 2 2 2
left_child=2 8 7 -4 6 -6 -3 10 -2 -9 -1
right_child=1 4 3 -5 5 -7 -8 9 -10 -11 -12
leaf_value=-0.112805902785116 -0.013196859618729483 -0.011404335657347824 0.067227151520641334 -0.093224574372588284 -0.0018063164827494399 0.10501382563589248 0.02402451999317038 -0.048458350529066663 -0.031889791004047846 -0.065650494455758518 -0.11045507032369402
leaf_weight=0.0057960097910836339 0.016418276354670525 0.032169996527954936 0.0050514173926785588 0.0040010781376622617 0.022930182050913572 0.017147672362625599 0.035982105880975723 0.0047449293779209256 0.01245461986400187 0.0051113016670569777 0.0035338588058948517
leaf_count=3 3 4 2 4 3 4 4 3 3 3 3
internal_value=-5.80875e-10 0.0119841 -0.0581847 -0.0036903 0.0208528 0.0438976 0.00730095 -0.0838966 -0.0212602 -0.057374 -0.111915
internal_weight=0.165341 0.137103 0.0282386 0.0090525 0.10823 0.0400779 0.0681521 0.0191861 0.0288729 0.00985623 0.00932987
internal_count=39 21 18 6 15 7 8 12 6 6 6
is_linear=0
shrinkage=0.1


Tree=40
num_leaves=11
num_cat=0
split_feature=1 1 9 16 15 16 10 16 16 16
split_gain=0.010315 0.00360373 0.00329377 0.00478543 0.00249686 0.00360549 0.0042877 0.00124423 5.0094e-05 6.48333e-07
threshold=0.66495000000000004 0.85385000000000011 86.500000000000014 0.30901617195650094 0.27186435959259359 0.14299981874640891 4.5000000000000009 0.19590564070757621 0.34768688951531318 0.14299981874640891
decision_type=2 2 2 2 2 2 2 2 2 2
left_child=2 4 7 -4 5 -2 -7 9 -9 -1
right_child=1 -3 3 -5 -6 6 -8 8 -10 -11
leaf_value=-0.11168211683610228 -0.044866727214111744 0.042227325740003686 0.060499193522622341 -0.091835592129779015 0.035630204055190406 -0.029232112905552263 0.024836179807696118 -0.049745383772743679 -0.064513984364953716 -0.10985290707033012
leaf_weight=0.0050439179176464677 0.017792459111660719 0.029419950093142688 0.0047029356937855482 0.0036724939127452672 0.018517535179853439 0.022524739149957895 0.042043384630233049 0.0044371825642883778 0.004761082585901022 0.0031462851911783218
leaf_count=3 3 5 2 4 2 5 6 3 3 3
internal_value=-1.87421e-09 0.011432 -0.0578162 -0.00629721 0.00245093 -0.00500893 0.00597433 -0.0826312 -0.0573897 -0.110979
internal_weight=0.156062 0.130298 0.0257639 0.00837543 0.100878 0.0823606 0.0645681 0.0173885 0.00919827 0.0081902
internal_count=39 21 18 6 16 14 11 12 6 6
is_linear=0
shrinkage=0.1


Tree=41
num_leaves=11
num_cat=0
split_feature=16 1 16 3 17 16 0 6 0 10
split_gain=0.0103497 0.0152151 0.00650485 0.0100818 0.00298256 0.00228013 0.00194546 0.000611335 0.000389752 0.000250968
threshold=0.081128502994006924 0.68730000000000013 0.23710767707529751 0.6422500000000001 0.20573640326672274 0.14299981874640891 0.85000000000000009 1.0000000180025095e-35 0.37500000000000006 5.5000000000000009
decision_type=2 2 2 2 2 2 2 2 2 2
left_child=-1 4 5 -4 -2 -3 7 8 9 -6
right_child=1 2 3 -5 6 -7 -8 -9 -10 -11
leaf_value=0.06940947696128226 -0.1265347845017393 -0.045264951063220801 0.0020664496334408563 0.10468486711812755 -0.091880932451783692 -0.0014807917934468277 0.007991202191034278 -0.10600184015810094 -0.038807945139640136 -0.052763367916980657
leaf_weight=0.018778047466184944 0.0081592989736236632 0.016261180164292455 0.027388063492253423 0.014719068771228194 0.0038737230934202671 0.044286589836701751 0.0039644525386393062 0.0036936862452421346 0.0051767349941655993 0.0028444337658584118
leaf_count=5 2 3 5 4 4 6 1 3 4 2
internal_value=-3.70761e-10 -0.00999772 0.00775237 0.037938 -0.0757494 -0.0132398 -0.0545572 -0.0704644 -0.059429 -0.0753188
internal_weight=0.149145 0.130367 0.102655 0.0421071 0.0277123 0.0605478 0.019553 0.0155886 0.0118949 0.00671816
internal_count=39 34 18 9 16 9 14 13 10 6
is_linear=0
shrinkage=0.1


Tree=42
num_leaves=10
num_cat=0
split_feature=1 10 16 3 15 16 4 17 1
split_gain=0.00932251 0.00342354 0.00285621 0.00764781 0.0027685 0.00263883 0.000895743 0.000254044 0.000194719
threshold=0.66495000000000004 1.0000000180025095e-35 0.30901617195650094 0.6422500000000001 -0.033195208630576199 0.14299981874640891 0.62500000000000011 0.37148671729690924 0.77260000000000006
decision_type=2 2 2 2 2 2 2 2 2
left_child=4 8 5 -4 6 -3 7 -1 -2
right_child=1 2 3 -5 -6 -7 -8 -9 -10
leaf_value=-0.047638073759571527 -0.031960791701506293 0.038252629122671251 0.0056915382414810568 0.10423973673622616 0.00026079972408261346 -0.0074778101975751 -0.11185133985281126 -0.077641821345705908 -0.013929212988764695
leaf_weight=0.0055521775502711535 0.010648883413523436 0.018487077206373215 0.020369834266602993 0.012837782851420343 0.005946048302575945 0.039748631650581956 0.005584139726124703 0.0057389286812394857 0.013685196405276656
leaf_count=4 3 2 3 4 4 6 4 6 3
internal_value=-5.87962e-10 0.0115145 0.0203852 0.0437894 -0.0584156 0.00703944 -0.0790904 -0.0628881 -0.02182
internal_weight=0.138599 0.115777 0.0914433 0.0332076 0.0228213 0.0582357 0.0168752 0.0112911 0.0243341
internal_count=39 21 15 7 18 8 14 10 6
is_linear=0
shrinkage=0.1


Tree=43
num_leaves=11
num_cat=0
split_feature=1 1 9 6 16 3 16 10 16 16
split_gain=0.00816827 0.00336979 0.0025535 0.00385973 0.0024558 0.00824489 0.00117905 0.000573052 0.000109382 6.85716e-07
threshold=0.66495000000000004 0.85385000000000011 86.500000000000014 1.0000000180025095e-35 0.17298933227509689 0.53870000000000007 0.19590564070757621 5.5000000000000009 0.34768688951531318 0.14299981874640891
decision_type=2 2 2 2 2 2 2 2 2 2
left_child=2 4 6 -4 7 -6 9 -2 -8 -1
right_child=1 -3 3 -5 5 -7 8 -9 -10 -11
leaf_value=-0.11135264520063598 0.0078516203290663888 0.043488127008260574 -0.071585957282314969 0.078602202572490662 -0.05443121457144362 0.045305184464717707 -0.04093294946173251 0.030101537956256159 -0.064836999892710329 -0.10927551851862838
leaf_weight=0.0043093616841360927 0.032067165011540055 0.024714373284950852 0.0039618581067770711 0.0030120554438326508 0.022924329852685332 0.012982481624931097 0.003652094688732177 0.018114194273948669 0.004022907349281013 0.0025180249358527362
leaf_count=3 5 5 4 2 5 4 3 2 3 3
internal_value=-3.30028e-10 0.0109402 -0.0564436 -0.00671921 0.00159626 -0.0183705 -0.0803551 0.0158833 -0.0534624 -0.110587
internal_weight=0.132279 0.110803 0.0214763 0.00697391 0.0860882 0.0359068 0.0145024 0.0501814 0.007675 0.00682739
internal_count=39 21 18 6 16 9 12 7 6 6
is_linear=0
shrinkage=0.1


Tree=44
num_leaves=12
num_cat=0
split_feature=16 1 16 3 17 1 0 6 0 1 16
split_gain=0.00818301 0.0118399 0.00606121 0.00509372 0.00218426 0.00187573 0.00100361 0.000520938 0.00036814 0.000228774 1.77718e-05
threshold=0.081128502994006924 0.68730000000000013 0.14299981874640891 0.6422500000000001 0.20573640326672274 0.81220000000000014 0.85000000000000009 1.0000000180025095e-35 0.37500000000000006 0.85385000000000011 0.34768688951531318
decision_type=2 2 2 2 2 2 2 2 2 2 2
left_child=-1 4 -3 5 -2 -4 7 8 10 -7 -6
right_child=1 2 3 -5 6 9 -8 -9 -10 -11 -12
leaf_value=0.067702038544304705 -0.12322488142283999 -0.051816294531910147 -0.02345265005849655 0.074029080324422902 -0.078886375772970682 0.010435604514401769 -0.0052166069715449742 -0.10487056838889992 -0.034747187666251185 0.025024871399117129 -0.067739434898088494
leaf_weight=0.01563450915273279 0.0064351009204983703 0.014551838859915733 0.015685151098296046 0.013615412637591362 0.0027632759301923215 0.024361219722777605 0.0033050742931663981 0.0028309177141636619 0.0044378747115842998 0.01923482958227396 0.0029649292991962284
leaf_count=5 2 3 4 5 3 3 1 3 4 3 3
internal_value=1.46884e-09 -0.00960641 0.00710852 0.0188713 -0.073893 0.00620289 -0.0544196 -0.0669317 -0.056367 0.0168725 -0.0731167
internal_weight=0.12582 0.110186 0.0874485 0.0728966 0.0227372 0.0592812 0.0163021 0.012997 0.0101661 0.043596 0.00572821
internal_count=39 34 18 15 16 10 14 13 10 6 6
is_linear=0
shrinkage=0.1


Tree=45
num_leaves=12
num_cat=0
split_feature=1 10 9 16 16 5 1 16 16 1 1
split_gain=0.00707409 0.00256422 0.00216165 0.00340173 0.00191475 0.00625363 0.00121648 0.00115479 0.000154937 5.59907e-05 1.62159e-06
threshold=0.66495000000000004 1.0000000180025095e-35 86.500000000000014 0.30901617195650094 0.30901617195650094 0.66825000000000012 0.81220000000000014 0.19590564070757621 0.34768688951531318 0.77260000000000006 0.24450000000000002
decision_type=2 2 2 2 2 2 2 2 2 2 2
left_child=2 9 7 -4 6 -6 -3 10 -9 -2 -1
right_child=1 4 3 -5 5 -7 -8 8 -10 -11 -12
leaf_value=-0.1126908179250781 -0.026794394857590255 -0.0086672194239691743 0.059552223027341381 -0.089780423680785496 0.10365670516888675 0.0046229453774697749 0.022334814817855167 -0.034655295143631047 -0.064801148124646366 -0.016221815863658208 -0.10934727265001894
leaf_weight=0.0023903584224171937 0.0089501314796507359 0.024386765900999308 0.0034219818189740172 0.0027523303579073399 0.0099361372995190322 0.017797053558751941 0.02631356893107295 0.0031849180813878775 0.0036688746185973287 0.011375397676602006 0.0036892604548484087
leaf_count=3 3 4 2 4 4 3 4 3 3 3 3
internal_value=-3.08652e-11 0.0107759 -0.0556959 -0.00701597 0.0189787 0.0401044 0.00742289 -0.0789354 -0.0507925 -0.0208773 -0.110662
internal_weight=0.117867 0.0987591 0.0191077 0.00617431 0.0784335 0.0277332 0.0507003 0.0129334 0.00685379 0.0203255 0.00607962
internal_count=39 21 18 6 15 7 8 12 6 6 6
is_linear=0
shrinkage=0.1


Tree=46
num_leaves=13
num_cat=0
split_feature=16 1 16 3 16 17 16 1 0 6 0 10
split_gain=0.00739676 0.00956842 0.00470305 0.00421979 0.00381727 0.00183185 0.00115394 0.000797117 0.000794474 0.000437775 0.00031756 0.000244274
threshold=0.081128502994006924 0.68730000000000013 0.14299981874640891 0.53870000000000007 0.42116713605012329 0.20573640326672274 0.30901617195650094 0.81220000000000014 0.85000000000000009 1.0000000180025095e-35 0.37500000000000006 5.5000000000000009
decision_type=2 2 2 2 2 2 2 2 2 2 2 2
left_child=-1 5 -3 7 6 -2 -5 -4 9 10 11 -7
right_child=1 2 3 4 -6 8 -8 -9 -10 -11 -12 -13
leaf_value=0.066418179963952093 -0.12107758073523429 -0.049836053027163381 -0.024843335857187895 0.04709591935314373 0.0077978670662769908 -0.090585021898672596 0.10335149468812461 0.0057048471885558678 -0.0069981771071069331 -0.10428314014064861 -0.034432987054862869 -0.046293737904785554
leaf_weight=0.014588674530386925 0.0054735593148507169 0.012672178447246552 0.014024754986166954 0.0062202999833971271 0.014221471268683672 0.002953509334474802 0.0088115422986447811 0.021849184297025204 0.0029658593703061351 0.0022803338360972711 0.004056909994687885 0.0021528550423681736
leaf_count=5 2 3 4 2 2 4 4 3 1 3 4 2
internal_value=1.08876e-09 -0.00991942 0.00590271 0.0167481 0.0449362 -0.0718291 0.0800725 -0.00623783 -0.0531217 -0.0650756 -0.0553185 -0.0719117
internal_weight=0.112271 0.0976825 0.0777994 0.0651273 0.0292533 0.019883 0.0150318 0.0358739 0.0144095 0.0114436 0.00916327 0.00510636
internal_count=39 34 18 15 8 16 6 7 14 13 10 6
is_linear=0
shrinkage=0.1


Tree=47
num_leaves=11
num_cat=0
split_feature=1 1 15 16 10 3 1 15 0 6
split_gain=0.00646061 0.00248976 0.00241725 0.0019922 0.00236257 0.00188689 0.00191994 0.000744833 0.000120103 9.78689e-06
threshold=0.66495000000000004 0.85385000000000011 0.27186435959259359 0.14299981874640891 4.5000000000000009 0.53870000000000007 0.24450000000000002 -0.076557003346401864 0.37500000000000006 1.0000000180025095e-35
decision_type=2 2 2 2 2 2 2 2 2 2
left_child=5 2 3 -2 -5 7 -7 9 -8 -1
right_child=1 -3 -4 4 -6 6 8 -9 -10 -11
leaf_value=-0.11584361011002316 -0.04356189545814057 0.042107192410559956 0.041566300037519294 -0.027974824236784702 0.020356767167667083 0.026602306547314963 -0.082376469405417263 -0.043340157956823409 -0.051692019605891648 -0.1075009436192067
leaf_weight=0.0025594788894522935 0.011801279615610838 0.019844321592245251 0.01250322675332427 0.015912347589619458 0.027755765710026026 0.0040041960892267525 0.0023564082221128047 0.0022558241034857929 0.0027811311883851886 0.0031205942796077579
leaf_count=4 3 5 2 5 6 3 3 2 3 3
internal_value=6.03471e-10 0.0109442 0.00184632 -0.00710687 0.00274508 -0.0562776 -0.0253075 -0.0919535 -0.0657659 -0.11126
internal_weight=0.104895 0.0878169 0.0679726 0.0554694 0.0436681 0.0170776 0.00914174 0.0079359 0.00513754 0.00568007
internal_count=39 21 16 14 11 18 9 9 6 7
is_linear=0
shrinkage=0.1


Tree=48
num_leaves=12
num_cat=0
split_feature=16 1 16 6 16 17 1 0 0 10 16
split_gain=0.00597914 0.00906471 0.00349055 0.00494651 0.00405303 0.00166203 0.00113271 0.000628702 0.000198108 0.000181132 0.000118363
threshold=0.081128502994006924 0.68730000000000013 0.23710767707529751 1.0000000180025095e-35 0.39840680465922101 0.20573640326672274 0.77260000000000006 0.85000000000000009 0.37500000000000006 5.5000000000000009 0.39840680465922101
decision_type=2 2 2 2 2 2 2 2 2 2 2
left_child=-1 5 6 4 -4 -2 -3 8 9 10 -7
right_child=1 2 3 -5 -6 7 -8 -9 -10 -11 -12
leaf_value=0.062819804471069149 -0.12133626073556379 -0.035679851664827421 0.053293247770743679 0.089021572285277184 -0.045345717063756057 -0.10904601850562756 -0.00015804359216170559 -0.010600511857644065 -0.05000227666264935 -0.054329058439096016 -0.072028681092815156
leaf_weight=0.013168643927201629 0.0050467677356209597 0.012925236951559782 0.0078923649853095412 0.010418617981486022 0.0088219365570694208 0.001850151747930795 0.029386908281594515 0.0026838465128093967 0.0047663465375080705 0.0020597125985659659 0.0016202300903387368
leaf_count=5 2 3 4 3 2 3 6 1 5 2 3
internal_value=-5.06074e-10 -0.00945732 0.00694419 0.0349411 0.00123085 -0.0726403 -0.011009 -0.0537072 -0.0649433 -0.0778209 -0.0917636
internal_weight=0.100641 0.0874721 0.0694451 0.0271329 0.0167143 0.0180271 0.0423121 0.0129803 0.0102964 0.00553009 0.00347038
internal_count=39 34 18 9 6 16 9 14 13 8 6
is_linear=0
shrinkage=0.1


Tree=49
num_leaves=9
num_cat=0
split_feature=1 15 1 16 3 6 4 16
split_gain=0.00587367 0.0018425 0.00177739 0.00183806 0.00480691 0.00352454 0.000811785 0.000232995
threshold=0.66495000000000004 -0.033195208630576199 0.85385000000000011 0.14299981874640891 0.47360000000000008 1.0000000180025095e-35 0.62500000000000011 0.34768688951531318
decision_type=2 2 2 2 2 2 2 2
left_child=1 6 3 -2 -5 -6 7 -1
right_child=2 -3 -4 4 5 -7 -8 -9
leaf_value=-0.041271437497100653 0.030319006312873393 0.0052401204145225838 0.039498378869083028 -0.050959762190536877 0.046785128186141313 -0.026148712439243882 -0.11223162014115302 -0.076095476788039157
leaf_weight=0.0043055007699877024 0.017712481552734971 0.003700439236126841 0.017189513659104705 0.016270161257125437 0.016541390214115381 0.011053526890464127 0.0040042146865744144 0.003469479241175577
leaf_count=5 4 4 5 5 3 4 4 5
internal_value=1.51314e-09 -0.0563136 0.011067 0.00313031 -0.00784834 0.0175705 -0.0756508 -0.0568112
internal_weight=0.0942467 0.0154796 0.0787671 0.0615776 0.0438651 0.0275949 0.0117792 0.00777498
internal_count=39 18 21 16 12 7 14 10
is_linear=0
shrinkage=0.1


end of trees

feature_importances:
sim_exec_rights=160
clock=125
agency_idx=39
account=33
sim_taxonomy=30
persona_idx=29
openness=23
sim_client_rights=18
days_remaining=14
vehicle_present=13
dollars=10
kind_idx=10
access=7
fit_tier=3

parameters:
[boosting: gbdt]
[objective: lambdarank]
[metric: ndcg]
[tree_learner: serial]
[device_type: cpu]
[data_sample_strategy: bagging]
[data: ]
[valid: ]
[num_iterations: 50]
[learning_rate: 0.1]
[num_leaves: 15]
[num_threads: 0]
[seed: 7]
[deterministic: 1]
[force_col_wise: 0]
[force_row_wise: 0]
[histogram_pool_size: -1]
[max_depth: -1]
[min_data_in_leaf: 3]
[min_sum_hessian_in_leaf: 0.001]
[bagging_fraction: 1]
[pos_bagging_fraction: 1]
[neg_bagging_fraction: 1]
[bagging_freq: 0]
[bagging_seed: 17422]
[bagging_by_query: 0]
[feature_fraction: 1]
[feature_fraction_bynode: 1]
[feature_fraction_seed: 7040]
[extra_trees: 0]
[extra_seed: 6516]
[early_stopping_round: 0]
[early_stopping_min_delta: 0]
[first_metric_only: 0]
[max_delta_step: 0]
[lambda_l1: 0]
[lambda_l2: 0]
[linear_lambda: 0]
[min_gain_to_split: 0]
[drop_rate: 0.1]
[max_drop: 50]
[skip_drop: 0.5]
[xgboost_dart_mode: 0]
[uniform_drop: 0]
[drop_seed: 15215]
[top_rate: 0.2]
[other_rate: 0.1]
[min_data_per_group: 100]
[max_cat_threshold: 32]
[cat_l2: 10]
[cat_smooth: 10]
[max_cat_to_onehot: 4]
[top_k: 20]
[monotone_constraints: ]
[monotone_constraints_method: basic]
[monotone_penalty: 0]
[feature_contri: ]
[forcedsplits_filename: ]
[refit_decay_rate: 0.9]
[cegb_tradeoff: 1]
[cegb_penalty_split: 0]
[cegb_penalty_feature_lazy: ]
[cegb_penalty_feature_coupled: ]
[path_smooth: 0]
[interaction_constraints: ]
[verbosity: -1]
[saved_feature_importance_type: 0]
[use_quantized_grad: 0]
[num_grad_quant_bins: 4]
[quant_train_renew_leaf: 0]
[stochastic_rounding: 1]
[linear_tree: 0]
[max_bin: 255]
[max_bin_by_feature: ]
[min_data_in_bin: 3]
[bin_construct_sample_cnt: 200000]
[data_random_seed: 61]
[is_enable_sparse: 1]
[enable_bundle: 1]
[use_missing: 1]
[zero_as_missing: 0]
[feature_pre_filter: 1]
[pre_partition: 0]
[two_round: 0]
[header: 0]
[label_column: ]
[weight_column: ]
[group_column: ]
[ignore_column: ]
[categorical_feature: ]
[forcedbins_filename: ]
[precise_float_parser: 0]
[parser_config_file: ]
[objective_seed: 15521]
[num_class: 1]
[is_unbalance: 0]
[scale_pos_weight: 1]
[sigmoid: 1]
[boost_from_average: 1]
[reg_sqrt: 0]
[alpha: 0.9]
[fair_c: 1]
[poisson_max_delta_step: 0.7]
[tweedie_variance_power: 1.5]
[lambdarank_truncation_level: 30]
[lambdarank_norm: 1]
[label_gain: ]
[lambdarank_position_bias_regularization: 0]
[eval_at: 10]
[multi_error_top_k: 1]
[auc_mu_weights: ]
[num_machines: 1]
[local_listen_port: 12400]
[time_out: 120]
[machine_list_filename: ]
[machines: ]
[gpu_platform_id: -1]
[gpu_device_id: -1]
[gpu_device_id_list: ]
[gpu_use_dp: 0]
[num_gpu: 1]

end of parameters

pandas_categorical:null
